9654723
9679131
9914654
9656697
9637970
9636610
9636915
9651749
9553820
9723042
9923018
9651663
9696829
9899738
9878287
9661016
9638068
9739688
9886426
9606383
9622082
9559549
9693980
9894227
9656393
9673131
9658200
9730764
9531065
9652511
9553842
9893401
9784272
9608277
9651561
9659027
9894043
9654719
9790174
9894074
9905440
9529775
9757648
9775406
9789206
9558976
9900029
9513400
9851243
9781578
9816526
9640548
9922025
9968439
9789883
9982967
9922986
9692959
9701601
9820414
9945087
9703216
9656604
9885490
9516757
9894243
9899708
9970336
9860926
9564698
9922429
9909453
9510388
9787616
9644168
9800081
9559713
9574008
9960406
9894032
9553839
9673136
9654689
9845391
9937282
9761340
9893323
9789568
9654703
9641174
9689145
9882308
9746591
9793601
9553870
9821638
9929060
9916987
9922927
9996864
9553816
9563050
9899773
9844008
9916422
9659020
9866161
9604982
9656407
9686139
9653574
9757533
9911175
9703937
9612852
9893574
9655552
9674134
9625619
9859168
9650707
9825057
9907346
9516824
9661011
9945308
9899836
9898020
9894091
9796364
9558964
9656099
9975819
9659053
9731747
9818808
9674158
9654498
9631763
9917918
9638120
9747439
9633963
9972147
9568283
9645801
9818837
9894058
9673146
9647004
9917663
9638088
9765499
9646022
9697757
9700115
9894047
9622652
9651664
9730130
9501662
9710765
9680756
9654646
9883060
9976798
9893548
9833186
9824061
9672095
9959992
9591917
9838158
9965755
9673097
9654670
9692612
9989657
9634100
9649528
9701839
9529544
9680909
9986992
9655237
9591367
9640217
9893749
9844943
9799770
9623533
9631868
9864436
9916722
9962921
9652349
9659021
9979449
9709636
9989663
9796075
9679121
9553805
9504595
9653215
9894020
9638297
9638103
9543023
9659087
9650294
9899749
9658045
9681941
9686133
9949954
9871117
9978489
9798789
9757894
9674824
9894056
9541653
9553888
9501161
9997110
9678839
9893764
9532680
9818800
9554585
9708761
9739307
9638035
9568913
9894084
9553825
9673176
9762002
9793420
9741480
9655446
9893975
9659048
9912179
9650435
9925509
9634843
9553806
9560188
9685759
9670914
9955862
9637266
9558248
9513622
9512626
9633961
9656857
9789593
9899837
9565761
9655240
9893400
9924069
9968436
9562620
9998404
9766937
9929218
9905366
9718876
9723101
9894160
9553854
9893310
9730862
9935884
9977358
9655221
9893592
9501550
9947833
9702206
9656842
9882444
9894116
9653573
9893462
9968444
9784307
9893632
9631933
9560497
9838366
9654704
9890861
9655235
9654706
9893901
9527724
9653480
9553881
9894204
9655217
9908556
9918872
9900028
9900006
9872298
9658197
9894457
9894246
9601420
9727914
9559715
9553822
9659024
9775168
9724465
9532675
9581971
9702655
9828258
9658191
9529392
9916777
9654635
9738548
9735037
9623123
9707429
9893329
9501679
9681923
9893645
9707503
9893496
9553844
9916875
9507789
9703163
9638134
9900030
9900004
9663694
9784023
9560207
9664012
9553835
9702335
9702654
9654711
9893963
9500108
9917684
9528511
9553909
9736022
9894071
9553833
9893932
9652484
9708489
9610111
9565108
9789066
9562447
9785408
9968457
9893722
9893711
9532670
9885798
9507223
9755383
9897216
9653914
9621374
9748317
9832100
9882613
9658125
9582855
9558671
9917015
9681962
9924848
9656854
9893324
9894161
9500361
9728037
9643326
9654720
9970108
9651424
9857977
9927576
9702656
9659018
9634390
9504370
9672802
9625809
9636904
9893305
9928600
9542132
9686184
9968438
9502778
9821645
9638588
9838565
9893372
9655229
9656671
9631943
9735600
9899788
9894081
9894093
9654618
9911386
9950784
9633611
9963084
9862315
9922251
9736129
9826488
9775615
9865526
9611645
9659012
9500983
9646098
9966309
9560162
9550770
9654729
9986389
9574904
9770726
9894022
9627833
9638606
9800311
9688959
9560202
9562559
9967018
9674054
9556377
9642708
9662166
9625804
9893519
9541267
9659075
9993075
9900199
9654653
9631289
9553880
9931934
9701851
9633892
9893912
9500090
9893358
9654679
9553855
9893604
9675074
9549923
9657631
9899769
9870021
9975106
9702302
9819530
9571468
9696097
9894235
9775203
9893950
9656601
9611394
9553824
9612624
9645979
9801450
9659059
9553846
9935716
9599353
9731237
9862991
9504979
9553821
9751916
9502932
9665077
9532642
9609433
9558463
9820618
9637637
9637914
9773702
9638151
9534028
9845770
9870959
9520388
9730820
9893972
9671708
9654583
9795790
9894208
9894026
9720271
9894006
9924775
9970343
9894078
9529773
9681530
9893312
9986769
9819528
9893620
9563061
9673156
9661015
9601506
9656651
9894947
9893952
9834633
9819541
9588388
9923420
9741502
9553810
9663737
9936988
9612771
9554372
9893948
9673089
9748232
9617663
9830352
9858875
9610434
9647510
9819181
9653513
9997316
9655233
9666006
9859522
9980573
9894198
9846959
9868387
9801433
9659347
9630862
9922997
9786230
9703535
9807614
9658190
9615978
9845401
9703566
9894157
9864665
9555754
9684495
9654790
9558971
9893656
9560462
9784842
9884524
9514583
9845042
9655208
9688714
9569983
9788195
9638143
9507153
9658126
9582186
9662830
9638078
9977129
9797717
9684419
9654661
9897687
9744795
9899736
9651814
9656847
9632958
9708283
9632207
9654600
9632033
9772936
9727900
9630839
9567228
9655227
9631929
9707460
9663705
9517092
9573898
9553889
9706220
9654654
9560205
9659061
9553838
9588351
9893371
9553315
9858095
9899752
9825056
9721292
9701490
9888926
9681436
9659429
9549926
9618667
9638174
9547520
9687393
9893368
9669035
9659069
9659623
9515826
9629065
9707084
9631959
9659385
9541107
9911925
9628858
9626154
9724423
9936327
9802448
9656602
9560553
9893297
9898700
9979891
9661013
9654662
9903075
9654555
9648175
9631315
9893518
9638198
9658019
9848154
9532947
9893313
9979718
9553879
9654628
9720762
9654597
9747346
9553863
9682201
9927019
9845382
9730924
9562612
9765798
9893325
9697824
9654644
9658098
9881372
9717900
9916467
9638079
9602991
9661017
9966754
9821615
9929180
9680247
9893321
9702025
9735229
9661021
9630842
9651678
9708398
9839707
9656856
9654690
9769397
9559039
9628739
9800078
9858562
9700495
9859971
9999131
9665581
9638185
9659253
9661033
9710319
9657899
9894142
9800083
9553875
9746159
9707484
9899831
9879954
9516137
9582831
9640372
9923235
9550329
9643663
9553886
9505314
9958986
9562560
9663424
9802175
9864655
9947831
9896771
9500229
9703231
9656095
9605086
9669609
9638173
9660890
9681732
9994798
9655238
9899740
9658124
9637950
9623539
9825959
9900003
9553170
9709327
9655239
9893966
9640235
9656864
9654708
9794508
9656100
9724435
9824840
9560186
9820309
9691700
9850553
9553829
9635109
9708059
9708474
9649573
9542074
9560152
9500809
9594915
9987158
9710859
9897474
9964664
9768685
9566947
9504169
9616363
9562652
9717819
9562716
9507217
9601520
9893533
9696848
9507670
9722671
9703175
9656532
9877740
9669543
9882482
9655241
9612724
9653535
9551282
9900034
9636916
9666352
9894138
9554681
9656522
9708809
9553807
9700123
9553873
9631936
9844215
9651692
9678681
9601565
9520016
9928666
9685613
9619957
9599573
9916740
9637363
9654639
9529547
9608275
9671403
9922599
9820404
9602837
9880918
9999011
9681890
9645779
9504140
9654697
9652061
9541116
9875430
9968427
9902795
9501973
9923494
9553853
9527721
9552021
9655218
9893536
9631266
9661766
9697413
9789734
9703144
9653922
9693718
9681321
9607913
9823569
9613868
9659068
9667065
9646840
9741091
9900027
9868745
9639135
9633525
9707666
9532649
9929348
9583337
9553792
9560203
9961291
9683396
9638048
9657802
9702322
9899739
9549976
9851228
9899763
9703142
9893908
9563058
9622098
9646474
9663721
9900036
9702294
9723221
9900043
9894239
9654691
9658199
9898270
9617639
9971467
9972181
9990851
9722672
9707469
9590422
9553892
9553868
9630841
9559962
9637046
9836902
9832694
9659077
9747183
9656837
9893969
9684306
9839610
9863713
9658196
9665936
9568998
9893326
9789585
9783562
9525299
9582789
9893626
9690871
9819490
9889090
9757632
9845444
9915575
9878334
9564696
9969267
9610806
9900008
9900016
9501663
9834594
9565048
9956076
9654582
9553874
9654721
9632117
9691465
9993733
9716443
9893301
9642362
9645978
9656107
9608867
9911215
9553770
9739505
9613962
9535090
9551191
9966828
9707491
9553850
9638062
9818737
9680759
9893473
9710650
9654700
9638197
9894154
9656850
9820930
9621373
9945880
9547871
9562619
9865525
9597120
9947863
9506072
9894090
9758057
9553828
9628938
9861058
9900014
9640376
9794215
9893897
9912203
9803072
9501480
9684517
9929225
9894168
9645802
9533690
9515827
9671934
9529764
9651651
9894149
9540973
9926354
9605950
9937118
9864673
9707466
9630367
9563039
9562690
9656199
9680763
9881075
9591831
9553869
9899766
9630882
9884117
9625734
9519921
9654714
9968413
9646005
9601535
9547187
9851050
9707001
9894219
9727922
9656845
9680825
9697822
9553890
9893563
9894182
9653916
9838580
9817117
9510101
9894118
9982934
9694915
9928387
9939489
9893882
9820462
9747742
9709033
9628779
9633936
9590397
9630931
9894191
9741173
9686150
9930875
9852616
9894195
9844898
9553809
9706219
9717879
9578725
9917683
9884183
9562613
9582832
9553799
9690830
9553895
9893923
9565789
9894073
9931029
9929217
9574090
9550112
9598451
9616513
9560545
9656901
9805098
9864675
9946672
9571476
9612770
9653348
9640186
9896721
9652982
9658133
9549993
9820504
9746516
9791171
9694318
9631935
9894213
9735459
9703229
9899636
9630864
9635756
9553858
9554602
9871692
9968530
9544754
9894113
9966202
9722385
9893896
9960893
9894223
9515325
9769571
9612396
9886916
9864445
9569149
9567529
9554415
9894086
9683214
9631864
9655423
9696845
9821649
9727184
9679115
9702076
9894106
9551244
9601438
9717832
9587590
9732936
9553143
9659490
9553851
9968434
9893369
9654692
9894076
9547504
9658188
9964118
9638081
9883916
9756629
9893905
9633879
9747719
9821599
9899757
9937781
9709048
9899153
9536543
9702033
9742191
9654694
9610517
9637935
9893570
9968415
9761390
9654730
9539448
9701873
9817634
9884513
9645977
9968418
9764477
9707470
9789884
9762421
9925520
9847674
9541659
9893356
9680371
9899826
9517577
9532645
9659071
9703205
9893311
9894180
9839135
9573635
9563703
9894145
9793215
9965749
9705203
9893946
9656390
9723521
9757912
9893461
9654717
9656851
9562628
9525187
9950905
9747377
9532672
9610131
9500046
9922919
9568585
9845502
9551116
9943351
9789068
9656862
9659019
9828149
9927662
9661020
9812319
9550182
9571652
9629956
9894200
9558109
9899761
9556860
9893825
9549329
9899834
9702840
9562651
9707262
9663713
9732938
9656827
9967424
9701602
9565652
9982209
9738172
9893788
9714682
9656106
9784977
9722987
9578505
9679113
9820554
9922996
9500314
9791847
9654675
9712491
9630319
9655220
9707495
9886224
9894097
9606324
9656849
9825473
9560490
9948129
9658444
9972206
9708394
9757980
9567165
9945240
9955976
9553834
9756946
9529553
9658110
9922993
9757913
9710888
9894064
9543347
9800074
9826460
9654668
9925768
9834330
9944979
9553884
9967857
9865234
9908205
9654471
9684300
9605038
9656098
9950747
9979927
9601440
9607339
9683140
9629122
9735455
9694263
9888290
9893583
9593597
9754714
9663614
9638140
9991547
9685712
9697956
9697476
9684005
9636370
9710867
9662721
9937410
9883258
9893699
9860849
9943335
9864674
9528158
9638200
9560210
9550172
9515644
9843080
9702058
9656776
9891595
9799089
9536997
9529527
9900002
9723106
9833301
9893608
9656135
9894092
9634268
9659088
9552801
9894152
9553803
9553795
9789587
9912278
9893349
9508178
9595503
9819767
9536977
9911352
9997597
9655977
9560544
9517966
9681819
9722956
9656402
9692613
9746659
9788201
9560420
9898031
9656741
9537595
9632112
9893327
9893909
9654554
9654631
9961382
9865445
9656860
9950383
9915568
9893783
9643327
9501824
9899833
9899790
9893829
9702051
9849164
9601519
9532394
9553894
9702072
9794140
9654651
9839134
9931906
9651785
9560421
9865446
9882390
9618936
9553591
9639475
9561716
9727733
9553811
9775380
9894035
9641125
9929236
9554462
9850722
9987800
9550214
9562540
9845000
9646004
9560913
9843841
9515962
9721236
9691611
9530160
9964438
9595250
9638960
9560189
9529789
9518638
9653780
9560204
9502227
9899789
9824982
9656102
9882440
9640215
9654686
9920376
9576167
9712496
9529546
9605384
9653483
9653514
9520229
9568631
9624564
9656844
9783387
9628939
9922994
9893452
9757873
9893357
9563055
9652684
9638149
9780066
9933276
9893790
9553901
9681718
9629064
9566931
9640214
9864646
9653923
9606335
9727923
9933851
9659023
9516328
9556806
9682648
9630377
9553788
9898635
9693728
9707493
9516244
9639232
9651660
9640300
9929219
9806372
9949702
9539030
9901801
9820549
9648706
9662598
9637996
9703230
9878928
9553883
9881164
9957785
9568090
9704368
9532268
9995846
9894134
9924698
9653918
9763987
9884655
9685612
9568086
9560177
9646006
9654549
9684274
9789131
9658186
9999194
9553794
9547902
9684494
9647829
9650180
9518157
9654707
9595630
9502752
9529779
9586403
9773577
9547200
9893738
9656546
9812195
9553871
9561431
9796299
9821650
9638202
9594768
9663653
9893986
9684848
9947114
9554574
9787191
9557833
9787766
9638135
9657793
9656859
9828990
9654731
9583078
9654624
9728756
9502471
9656400
9869519
9893808
9894174
9562604
9740669
9845365
9894217
9659073
9696768
9710571
9654696
9555945
9845404
9653917
9523939
9702047
9574010
9684910
9658201
9553896
9645803
9973297
9629478
9601419
9656652
9509116
9834019
9684028
9893331
9762678
9644323
9686143
9641126
9702613
9500041
9508412
9922844
9631939
9894031
9727652
9678348
9807643
9893346
9674123
9753072
9703169
9686142
9707480
9504195
9654695
9703158
9893988
9673143
9643938
9788194
9877171
9709192
9837723
9708954
9619751
9893308
9625687
9922533
9640374
9904474
9665101
9922990
9550580
9961090
9706215
9611414
9893774
9658274
9663515
9900007
9893956
9656861
9972254
9646744
9929489
9768712
9697960
9610829
9625373
9504845
9899774
9774616
9999005
9868952
9505668
9562629
9536970
9659337
9614683
9684502
9696137
9965747
9659502
9654681
9834626
9645780
9707487
9893813
9893984
9944993
9737145
9654673
9504635
9757233
9672308
9817300
9893354
9751312
9638083
9899786
9893893
9894041
9553907
9582761
9727924
9818745
9553876
9651789
9894158
9787678
9674839
9899778
9894098
9553817
9663380
9663744
9708604
9849844
9500855
9638047
9513489
9703596
9659615
9860896
9845403
9845447
9893915
9653605
9684509
9541119
9893299
9654666
9697422
9894100
9664006
9681964
9961618
9593674
9654677
9521512
9894249
9967645
9635102
9867588
9566645
9637936
9573907
9899775
9617787
9973737
9604455
9553906
9542864
9972209
9654728
9847253
9748284
9653858
9574509
9839655
9658100
9893441
9882446
9894188
9712514
9894067
9894202
9718247
9825538
9556361
9659085
9821721
9656853
9643840
9631452
9866429
9812594
9654810
9638612
9684504
9560190
9899782
9541491
9702078
9656146
9654709
9845669
9553897
9839137
9827472
9560161
9637879
9654664
9785406
9663259
9659022
9638141
9923032
9893318
9553865
9556917
9533035
9568578
9893676
9691616
9549773
9893979
9834567
9893887
9553823
9665099
9655252
9656147
9968443
9636919
9712039
9703226
9553818
9655231
9817355
9630902
9819847
9899835
9585685
9659062
9659078
9653776
9656103
9973314
9638139
9502158
9967259
9663211
9893579
9793721
9923571
9614382
9553801
9710715
9893718
9659074
9628704
9703225
9894087
9661643
9657099
9650185
9839132
9631945
9560208
9541102
9702074
9504241
9638052
9514731
9743673
9638179
9568637
9509725
9845397
9746523
9654537
9686347
9655664
9703547
9553798
9722985
9846997
9553779
9976389
9635371
9697095
9868161
9661024
9520268
9520277
9661718
9639453
9709042
9960828
9899791
9553905
9609166
9893444
9638066
9894083
9553847
9852335
9654655
9671935
9660091
9662011
9651866
9893941
9555836
9640412
9553910
9912181
9658203
9766669
9802055
9909075
9655121
9689596
9624546
9529260
9656033
9820322
9865249
9701632
9631956
9611398
9918877
9916721
9694106
9569714
9712486
9656852
9502385
9663968
9529760
9893454
9972185
9627112
9500437
9893304
9973373
9577255
9974965
9724288
9702274
9899785
9659026
9614392
9656403
9894166
9553899
9845500
9659141
9654570
9987517
9893375
9556356
9893460
9900011
9826100
9659058
9631446
9654609
9529255
9783363
9553872
9532636
9631623
9910206
9657484
9721662
9654581
9991139
9900037
9905552
9893927
9651415
9797616
9894231
9634879
9893958
9553776
9696348
9640187
9654629
9893920
9623554
9893303
9995643
9987340
9702295
9638063
9639179
9653572
9657169
9617310
9872836
9715901
9661699
9910200
9727901
9908598
9609738
9684505
9658198
9711035
9654663
9645976
9935011
